10
49
100
17
49
79
68
8
90
8
7
18
81
56
91
19
92
95
12
30
71
72
43
88
53
18
21
93
75
33
88
51
4
3
42
35
38
5
30
31
10
96
33
34
89
17
74
18
61
43
40
31
92
24
43
25
63
89
29
73
3
15
3
7
83
73
64
63
69
7
13
29
79
4
81
16
63
10
87
28
36
50
34
68
82
59
62
11
42
98
13
75
54
77
49
96
54
75
28
87
55
47
42
62
23
19
53
81
88
10
23
41
65
62
15
67
60
68
45
56
26
7
60
96
95
29
17
92
92
82
20
45
45
18
87
75
28
58
59
23
46
19
75
35
72
21
30
56
60
38
88
45
86
7
94
74
62
3
74
90
1
91
8
69
46
10
10
37
6
23
91
69
99
56
64
64
20
97
30
3
51
90
62
20
95
50
93
10
26
61
3
49
26
42
42
29
73
24
31
15